1 1 2 1.2
2 2 3 1 1 1.2
2 3 4 1.1 2 1
2 4 5 1 3 1.1
2 5 6 1.2 4 1
2 6 7 1 5 1.2
2 7 8 1.1 6 1
2 8 9 1 7 1.1
2 9 10 1.2 8 1
2 10 11 1 9 1.2
4 11 12 1.1 10 1 28 0 41 1.2
2 12 13 1 11 1.1
2 13 14 1.2 12 1
2 14 15 1 13 1.2
2 15 16 1.1 14 1
2 16 17 1 15 1.1
2 17 18 1.2 16 1
2 18 19 1 17 1.2
2 19 20 1.1 18 1
3 20 21 1 19 1.1 55 1.2
2 21 22 1.1 20 1
2 22 23 1.2 21 1.1
2 23 24 1 22 1.2
2 24 25 1.1 23 1
2 25 26 1 24 1.1
2 26 27 1.2 25 1
1 27 26 1.2
1 28 29 1.3
2 29 30 1.2 28 1.3
2 30 31 1.1 29 1.2
2 31 32 1 30 1.1
2 32 33 1.2 31 1
2 33 34 1 32 1.2
2 34 35 1.1 33 1
2 35 36 1 34 1.1
2 36 37 1 35 1
3 37 38 1.2 36 1 52 1.2
2 38 39 1.1 37 1.2
2 39 40 1 38 1.1
2 40 41 1.2 39 1
2 41 11 1 40 1.2
2 42 43 1 11 1.1
2 43 44 1.2 42 1
2 44 45 1 43 1.2
2 45 46 1.1 44 1
2 46 47 1 45 1.1
2 47 48 1.2 46 1
2 48 49 1 47 1.2
2 49 50 1.1 48 1
1 50 49 1.1
2 51 52 1 37 1.2
2 52 53 1.1 51 1
2 53 54 1 52 1.1
2 54 55 1.2 53 1
2 55 54 1.2 56 1
2 56 55 1.1 57 1.2
2 57 20 1.2 56 1.1